% -------------------------------------------------------------------
%  Generated by MATLAB on 28-Oct-2021 18:05:46
%  MATLAB version: 9.10.0.1739362 (R2021a) Update 5
% -------------------------------------------------------------------
                                         

bestChromosome = [-0.15344111177521974; -0.35344498236502286; 0.7188830844233407; ...
                  -0.33121783641498026; 0.050108648327047769; 0.060238513033156173; ...
                  0.14065592294675172; 0.0096725456670430886; 0.811931404325039; ...
                  0.025511745407318959; -0.83862982094491123; -0.019856743511361907; ...
                  0.0995506869762093; 0.044578791517035227; -0.097524041466740818; ...
                  0.014365927245769506; -0.0037850081758306897; -0.23674557903047888; ...
                  -0.069666704938525281; -0.035460965554702142; -0.025686690837368319; ...
                  -0.81765410026342011; 0.10597584923233057; 0.44543042187870913; ...
                  0.62361574492693794; 0.034912187084290905; -0.091386837935137855; ...
                  0.47002870754589121; 0.10082613859006662; 0.090762605039585373; ...
                  -0.06855695003975093; -0.012097931687036059; 0.01122307054025054; ...
                  -0.024024479164057227; -0.03337591844625025; -0.04994934339052276; ...
                  -0.099677454064647286; -0.15398525854478307; -0.035795356582209781; ...
                  -0.022039971026386912; -0.06534228725858536; -0.050798360571819211; ...
                  0.063893024950152227; 0.10427793235438323; -0.1562881736789172; ...
                  -0.1550518371755043; 0.055544498408784893; -0.0760400930316124; ...
                  -0.064308926585195977; -0.96561165494062351; -0.038152180076357942; ...
                  0.050106710695681643; 0.48344075651841134; -0.013590959007100223; ...
                  -0.035355923648459159; -0.8931754451618048; 0.072897055703698657; ...
                  -0.016124070001406188; -0.689515191591633; 0.034123984177942018; ...
                  1; 8.0394519819435017E-5];

